1.84
1.83
1.82
1.84
1.82
1.86
1.82
1.83
1.84
1.84
1.83
1.84
1.82
1.83
1.84
1.85
1.84
1.84
1.83
1.83
1.85
1.86
1.88
1.85
1.85
1.81
1.79
1.78
1.87
1.79
1.77
1.79
1.77
1.79
1.81
1.81
1.80
1.79
1.80
1.79
1.79
1.79
1.80
1.79
1.82
1.78
1.82
1.80
1.79
1.81
1.78
1.80
1.79
1.79
1.78
1.78
1.97
1.80
1.78
1.79
1.79
1.78
1.80
1.78
1.80
1.79
1.80
1.79
1.82
1.78
1.82
1.81
1.80
1.80
1.80
1.82
1.79
1.79
1.79
1.83
1.80
1.80
1.82
1.79
1.86
1.81
1.79
1.79
1.81
1.80
1.84
1.80
1.80
1.81
1.94
1.83
1.82
1.80
1.80
1.80
1.80
1.82
1.80
1.85
1.83
1.80
1.85
1.83
1.82
1.81
1.81
1.80
1.92
1.82
1.79
1.82
1.81
1.84
1.85
1.82
1.82
1.82
1.82
1.83
1.83
1.82
1.83
1.83
1.82
1.81
1.81
1.81
1.83
1.84
1.83
1.83
1.83
1.87
1.89
1.83
1.85
1.82
1.81
1.84
1.83
1.83
1.83
1.82
1.82
1.82
1.86
1.82
1.81
1.83
1.84
1.83
1.87
1.83
1.81
1.83
1.95
1.84
1.83
1.84
1.86
1.83
1.86
1.89
1.83
1.85
1.83
1.83
1.85
1.83
1.83
1.83
1.93
1.87
1.83
1.82
1.84
1.84
1.85
1.87
1.84
1.87
1.84
1.83
1.85
1.84
1.86
1.83
1.85
1.96
1.84
1.83
1.87
1.83
1.84
1.84
1.83
1.89
1.93
1.90
1.85
1.85
1.83
1.88
1.84
1.89
1.85
1.86
1.90
1.84
1.87
1.88
1.86
1.85
1.84
1.86
1.87
1.86
1.85
1.85
1.85
