1.79
1.79
1.79
1.78
1.80
1.78
1.80
1.79
1.79
1.86
1.79
1.79
1.78
1.80
1.80
1.82
1.78
1.78
1.79
1.77
1.79
1.79
1.78
1.80
1.78
1.79
1.79
1.81
1.78
1.77
1.80
1.81
1.83
1.78
1.79
1.79
1.79
1.80
1.82
1.83
1.81
1.80
1.79
1.85
1.82
1.79
1.79
1.86
1.80
1.79
1.81
1.81
1.81
1.82
1.83
1.79
1.79
1.83
1.79
1.83
1.82
1.81
1.80
1.80
1.82
1.83
1.80
1.80
1.81
1.80
1.86
1.83
1.84
1.80
1.80
1.91
1.84
1.81
1.82
1.80
1.82
1.82
1.87
1.82
1.85
1.81
1.80
1.84
1.82
1.81
1.82
1.81
1.82
1.83
1.82
1.81
1.81
1.81
1.82
1.83
1.83
1.82
1.82
1.84
1.82
1.81
1.82
1.81
1.82
1.87
1.82
1.84
1.84
1.85
1.87
1.82
1.83
1.85
1.85
1.83
1.83
1.84
1.81
1.82
1.83
1.85
1.84
1.83
1.82
1.88
1.84
1.86
1.83
1.83
1.85
1.83
1.83
1.82
1.84
1.82
1.83
1.84
1.83
1.84
1.83
1.87
1.85
1.87
1.83
1.83
1.86
1.86
1.85
1.86
1.83
1.82
1.84
1.85
1.84
1.84
1.83
1.83
1.84
1.87
1.85
1.83
1.84
1.84
1.86
1.83
1.83
1.84
1.83
1.85
1.91
1.84
1.84
1.84
1.83
1.85
1.86
1.86
1.85
1.87
1.84
1.85
1.88
1.84
1.85
1.87
1.88
1.86
1.85
1.85
1.85
1.86
1.85
1.85
1.85
1.86
