3.55
3.34
3.50
3.58
3.62
3.40
3.41
0.28
1.32
0.15
0.17
0.13
0.59
0.03
0.02
0.03
0.03
0.03
0.03
0.03
0.03
0.03
0.03
0.03
0.03
0.03
0.03
0.03
0.03
0.03
0.03
0.03
0.03
0.03
0.03
0.03
0.03
0.03
0.03
0.03
0.03
0.03
0.03
0.03
0.03
0.03
0.03
0.03
3.36
3.21
1.03
0.59
0.02
0.03
0.03
0.03
0.03
0.03
0.03
0.03
0.03
0.03
0.03
0.03
0.03
0.03
0.03
0.03
0.03
0.03
0.03
0.03
0.03
0.03
0.03
0.03
0.03
0.03
0.03
0.03
0.03
0.03
0.03
3.53
3.42
3.44
3.44
1.13
0.59
0.03
0.03
0.03
3.49
3.49
3.36
3.48
3.39
3.49
3.39
3.31
3.46
3.46
3.39
3.33
3.43
3.41
3.35
3.44
3.36
3.39
3.47
3.40
3.40
3.39
3.43
3.53
3.49
3.54
3.36
3.33
3.40
3.40
3.38
3.36
3.53
3.44
3.37
3.39
3.40
3.39
3.51
3.48
3.60
3.17
0.56
0.02
0.03
0.03
0.03
0.03
0.03
0.03
0.03
0.03
0.03
0.03
0.03
0.03
0.03
0.03
0.03
0.03
0.03
0.03
0.03
0.03
0.03
0.03
0.03
0.03
0.03
0.03
0.03
0.03
0.03
0.03
0.03
0.03
0.03
0.03
0.03
0.03
0.03
0.03
0.03
0.03
0.03
0.03
0.03
0.03
0.03
0.03
0.03
0.03
0.03
0.03
0.03
0.03
0.03
0.03
0.03
0.03
0.03
0.03
0.03
0.03
0.03
0.03
0.03
0.03
0.03
0.03
0.03
0.03
0.03
0.03
0.03
0.03
0.03
0.03
0.03
0.03
0.03
0.03
0.03
0.03
0.03
0.03
0.03
0.03
0.03
0.03
0.03
0.03
0.03
0.03
0.03
0.03
0.03
0.03
0.03
0.03
0.03
0.03
0.03
0.03
0.03
0.03
0.03
0.03
0.03
0.03
0.03
0.03
0.03
0.03
0.03
0.03
0.03
0.03
0.03
0.03
0.03
0.03
0.03
0.03
0.03
0.03
0.03
0.03
0.03
0.03
0.03
0.03
0.03
0.03
0.03
0.03
0.03
0.03
0.03
0.03
0.03
0.03
0.03
0.03
0.03
0.03
0.03
0.03
0.03
0.03
0.03
0.03
0.03
0.03
0.03
0.03
0.03
0.03
0.03
0.03
0.03
0.03
0.03
0.03
0.03
0.03
0.03
0.03
0.03
0.03
0.03
0.03
0.03
0.03
0.03
0.03
0.03
0.03
0.03
0.03
0.03
0.03
0.03
0.03
0.03
0.03
0.03
0.03
0.03
0.03
0.03
0.03
0.03
0.03
0.03
0.03
0.03
0.03
0.03
0.03
3.57
0.68
0.56
0.02
0.03
0.03
0.99
0.63
0.03
0.03
3.55
3.58
3.46
3.36
1.70
0.59
0.02
0.03
0.03
0.03
3.53
3.64
3.53
1.80
0.59
0.02
0.03
0.03
0.03
0.03
0.03
0.03
0.03
0.03
0.03
0.03
0.03
0.03
0.03
0.03
0.03
0.03
0.03
0.03
0.03
0.03
0.03
0.03
0.03
0.03
0.03
0.03
0.03
0.03
0.03
0.03
0.03
0.03
0.03
0.03
0.03
0.03
0.03
0.03
0.03
0.03
0.03
0.03
0.03
0.03
0.03
0.03
0.03
0.03
0.03
0.03
0.03
0.03
0.03
0.03
0.03
0.03
0.03
0.03
0.03
0.03
0.03
0.03
0.03
0.03
0.03
0.03
0.03
0.03
0.03
0.03
0.03
0.03
0.03
0.03
0.03
0.03
0.03
0.03
0.03
0.03
0.03
0.03
0.03
0.03
0.03
0.03
0.03
0.03
0.03
0.03
0.03
0.03
0.03
0.03
0.03
0.03
0.03
0.03
0.03
0.03
0.03
0.03
0.03
0.03
0.03
0.03
0.03
0.03
0.03
0.03
0.03
0.03
0.03
0.03
0.03
0.03
0.03
0.03
0.03
0.03
0.03
0.03
0.03
0.03
0.03
0.03
0.03
0.03
0.03
0.03
0.03
0.03
0.03
0.03
0.03
0.03
0.03
0.03
0.03
0.03
0.03
0.03
0.03
0.03
0.03
0.03
0.03
0.03
0.03
0.03
0.03
0.03
0.03
0.03
0.03
0.03
0.03
0.03
0.03
0.03
0.03
0.03
0.03
0.03
0.03
0.03
0.03
0.03
0.03
0.03
0.03
0.03
0.03
0.03
0.03
0.03
0.03
0.03
0.03
0.03
0.03
0.03
0.03
0.03
0.03
0.03
0.03
0.03
0.03
0.03
0.03
0.03
0.03
0.03
7.80
7.39
7.50
7.43
7.49
7.49
7.45
7.58
7.52
7.63
7.47
7.55
7.53
7.45
7.53
7.55
7.47
7.49
7.47
7.54
7.60
7.55
7.52
7.46
7.55
7.47
7.58
7.55
7.53
7.50
7.52
7.55
7.50
7.48
7.48
7.57
7.57
7.52
7.62
7.57
7.56
7.44
7.52
7.52
7.46
7.62
7.50
7.51
7.52
7.58
7.63
7.48
7.59
7.49
7.51
7.58
7.53
7.55
7.56
7.60
7.59
7.59
7.52
7.54
7.48
7.48
7.51
7.53
7.55
7.53
7.52
7.53
7.60
7.51
7.56
7.59
7.50
7.52
7.48
7.50
7.61
7.58
7.60
7.61
7.57
7.62
7.60
7.58
7.55
7.59
7.55
7.55
7.59
7.53
7.52
7.63
7.58
7.64
7.51
7.54
7.56
7.59
7.59
7.51
7.53
7.62
7.57
7.64
7.57
7.61
7.54
7.63
7.60
7.57
7.60
7.57
7.60
7.55
7.61
7.60
7.54
7.67
7.68
7.65
7.56
7.62
7.58
7.59
7.49
7.57
7.63
7.60
7.56
7.65
7.56
7.60
7.57
7.58
7.64
7.63
7.59
7.59
7.61
7.66
7.67
7.62
7.55
7.59
7.64
7.56
7.61
7.58
7.57
7.69
7.65
7.65
7.56
7.56
7.62
7.60
7.64
7.61
7.62
7.61
7.61
7.69
7.69
7.60
7.59
7.62
7.61
7.64
7.63
7.65
7.64
7.58
7.65
7.63
7.59
7.65
7.67
7.71
7.64
7.68
7.73
7.65
7.66
7.65
7.71
7.66
7.71
7.66
7.62
7.60
7.65
7.62
7.62
7.65
7.64
7.60
