4.25
4.26
4.22
4.28
4.24
4.29
4.24
4.27
4.27
4.29
4.32
4.23
4.23
4.25
4.22
4.32
4.27
4.27
4.23
4.27
4.26
4.23
4.29
4.26
4.35
4.26
4.30
4.28
4.26
4.29
4.27
4.26
4.29
4.27
4.23
4.27
4.27
4.25
4.26
4.25
4.28
4.32
4.20
4.26
4.22
4.28
4.30
4.29
4.27
4.22
4.18
4.08
4.15
4.25
4.16
4.23
4.28
4.27
4.27
4.29
4.24
4.27
4.29
4.24
4.24
4.25
4.28
4.26
4.25
4.27
4.29
4.34
4.29
4.30
4.28
4.25
4.27
4.27
4.29
4.24
4.26
4.24
4.33
4.27
4.31
4.29
4.27
4.25
4.29
4.30
4.34
4.33
4.32
4.29
4.28
4.28
4.28
4.24
4.28
4.28
4.30
4.28
4.30
4.26
4.29
4.26
4.32
4.27
4.34
4.26
4.26
4.29
4.32
4.32
4.28
4.28
4.28
4.32
4.32
4.31
4.33
4.26
4.31
4.29
4.30
4.31
4.29
4.31
4.29
4.30
4.28
4.30
4.32
4.27
4.31
4.31
4.30
4.34
4.32
4.26
4.30
4.35
4.29
4.30
4.29
4.28
4.27
4.25
4.34
4.31
4.32
4.28
4.32
4.30
4.31
4.29
4.31
4.29
4.28
4.29
4.28
4.32
4.35
4.31
4.33
4.28
4.32
4.25
4.29
4.32
4.29
4.34
4.29
4.33
4.29
4.35
4.33
4.29
4.26
4.23
4.33
4.28
4.29
4.31
4.30
4.32
4.28
4.31
4.26
4.29
4.32
4.30
4.33
4.27
4.28
4.28
4.31
4.33
4.26
4.31
